insertion 128 8255 0.0003124
selection 128 8128 0.0003797
merge 128 448 0.0008092
shell 128 461 1.99e-05


insertion 256 32895 0.0012228
selection 256 32640 0.0012137
merge 256 1024 0.0017769
shell 256 1101 5.76e-05


insertion 512 131327 0.0053811
selection 512 130816 0.0052268
merge 512 2304 0.0036973
shell 512 2529 0.0001966


insertion 1024 524799 0.0205982
selection 1024 523776 0.0211053
merge 1024 5120 0.007721
shell 1024 5601 0.0002104


insertion 2048 2098175 0.0828018
selection 2048 2096128 0.0812844
merge 2048 11264 0.0166786
shell 2048 12700 0.0004753


insertion 4096 8390655 0.327529
selection 4096 8386560 0.351195
merge 4096 24576 0.0440631
shell 4096 27852 0.0010975


insertion 8192 33558527 1.33749
selection 8192 33550336 1.31022
merge 8192 53248 0.0695282
shell 8192 60620 0.0023236


insertion 16384 134225919 5.23359
selection 16384 134209536 5.37773
merge 16384 114688 0.144885
shell 16384 132699 0.0053537


insertion 32768 536887295 20.7904
selection 32768 536854528 20.9625
merge 32768 245760 0.297209
shell 32768 283399 0.0114524


