insertion 128 127 7.3e-06
selection 128 8128 0.0003399
merge 128 448 0.0008902
shell 128 461 2.02e-05


insertion 256 255 1.4e-05
selection 256 32640 0.0013158
merge 256 1024 0.0018676
shell 256 1101 4.74e-05


insertion 512 511 2.81e-05
selection 512 130816 0.0052637
merge 512 2304 0.0040385
shell 512 2529 0.0001395


insertion 1024 1023 5.58e-05
selection 1024 523776 0.0206585
merge 1024 5120 0.0079594
shell 1024 5601 0.0002803


insertion 2048 2047 0.0001179
selection 2048 2096128 0.0858916
merge 2048 11264 0.0168033
shell 2048 12700 0.0005281


insertion 4096 4095 0.0002375
selection 4096 8386560 0.331277
merge 4096 24576 0.0338815
shell 4096 27852 0.0011489


insertion 8192 8191 0.0004313
selection 8192 33550336 1.32789
merge 8192 53248 0.0749641
shell 8192 60620 0.0026769


insertion 16384 16383 0.0008977
selection 16384 134209536 5.69594
merge 16384 114688 0.150343
shell 16384 132699 0.0058353


insertion 32768 32767 0.0021342
selection 32768 536854528 22.2193
merge 32768 245760 0.305438
shell 32768 283399 0.0119727


