qinsertion 128 4171 0.0002195
selection 128 8128 0.0004391
merge 128 732 0.0013994
shell 128 1051 0.0001799


insertion 256 16337 0.0008068
selection 256 32640 0.0016611
merge 256 1731 0.0024979
shell 256 2590 0.0004453


insertion 512 65812 0.0045667
selection 512 130816 0.0065353
merge 512 3961 0.0051224
shell 512 6363 0.0006925


insertion 1024 262075 0.0107272
selection 1024 523776 0.0231087
merge 1024 8945 0.0090278
shell 1024 15023 0.0017515


insertion 2048 1039639 0.0591873
selection 2048 2096128 0.0902164
merge 2048 19929 0.0218023
shell 2048 34377 0.0034289


insertion 4096 4213671 0.200003
selection 4096 8386560 0.413618
merge 4096 43981 0.0402035
shell 4096 84387 0.0109357


insertion 8192 16743705 0.752281
selection 8192 33550336 1.47497
merge 8192 96122 0.0751737
shell 8192 185193 0.0201751


insertion 16384 67406992 2.67715
selection 16384 134209536 5.90049
merge 16384 208661 0.166009
shell 16384 424952 0.0608638


insertion 32768 268446108 11.4172
selection 32768 322138931 21.3064
merge 32768 450120 0.306801
shell 32768 977907 0.101624


