insertion 128 8255 0.0003376
selection 128 8128 0.0003561
merge 128 448 0.001057
shell 128 859 7.46e-05


insertion 256 32895 0.0013018
selection 256 32640 0.0013498
merge 256 1024 0.0018306
shell 256 2077 0.0002039


insertion 512 131327 0.0051788
selection 512 130816 0.0054756
merge 512 2304 0.004102
shell 512 4319 0.0003573


insertion 1024 524799 0.0215175
selection 1024 523776 0.0218541
merge 1024 5120 0.0088263
shell 1024 10031 0.001012


insertion 2048 2098175 0.0820571
selection 2048 2096128 0.0824078
merge 2048 11264 0.0161688
shell 2048 22112 0.0018069


insertion 4096 8390655 0.326931
selection 4096 8386560 0.327093
merge 4096 24576 0.0349463
shell 4096 44704 0.0042618


insertion 8192 33558527 1.35252
selection 8192 33550336 1.33566
merge 8192 53248 0.0722481
shell 8192 95824 0.0068685


insertion 16384 134225919 5.4737
selection 16384 134209536 5.51132
merge 16384 114688 0.14867
shell 16384 245411 0.0208831


insertion 32768 536887295 21.5312
selection 32768 536854528 21.391
merge 32768 245760 0.317417
shell 32768 492055 0.0388519


